1 27 95 27
21 27 25
14 21 10
5 6 8
22 27 8
11 12 21
14 23 21
4 9 4
20 27 21
12 21 15
17 26 4
15 17 22
26 27 11
25 27 23
10 17 11
9 14 29
13 14 16
21 22 5
14 15 23
12 17 21
3 6 8
20 22 22
3 13 20
17 23 2
24 26 30
18 27 25
1 10 27
19 21 27
3 11 7
14 22 1
11 14 25
12 13 23
5 9 26
11 15 5
16 25 26
8 16 3
9 19 17
19 20 7
18 20 27
19 24 12
9 16 2
7 12 18
15 22 22
2 8 20
11 19 19
16 20 29
11 17 22
9 17 26
5 14 18
10 19 26
22 25 5
21 25 12
27 27 4
24 27 17
2 7 12
13 19 3
21 26 8
4 12 11
15 16 12
5 13 5
4 6 6
8 15 8
17 18 13
5 10 7
13 17 1
7 10 23
10 20 19
7 8 28
13 16 9
10 11 27
19 26 4
18 22 25
23 27 23
4 14 28
5 12 19
7 11 22
13 23 14
19 25 10
4 11 7
17 20 18
12 15 7
12 18 30
7 16 19
10 14 28
22 24 1
12 22 1
9 10 8
8 10 13
2 12 8
5 15 18
6 10 9
18 26 17
16 26 3
18 21 5
3 8 27
11 13 23
