3 23 71 23
17 22 28
1 3 14
1 8 13
5 15 14
17 23 22
1 6 13
14 20 30
13 15 16
2 4 28
1 9 23
13 23 16
7 13 12
1 5 3
1 10 11
15 22 19
16 23 10
13 22 1
5 12 2
6 8 17
4 13 6
14 23 15
8 16 28
12 18 16
5 8 28
3 6 25
12 19 14
1 7 2
1 4 26
12 15 5
1 2 23
5 7 22
12 17 25
14 15 13
1 11 14
11 17 4
13 19 16
5 13 8
13 17 20
8 17 28
13 20 11
4 7 15
3 7 8
12 14 2
10 16 7
10 17 14
14 17 13
10 13 8
11 14 6
12 20 25
11 12 28
6 15 13
15 16 22
2 5 9
8 13 26
10 12 29
6 9 3
5 9 4
11 20 18
10 18 1
15 23 19
17 18 20
15 19 11
4 14 15
5 14 7
6 7 7
10 19 20
7 17 20
4 6 19
7 14 15
3 5 29
13 18 16
