1 17 64 17
16 17 5
9 17 28
13 17 26
14 17 15
10 11 21
7 10 11
17 17 1
5 13 6
4 10 21
15 17 23
12 17 14
4 8 4
8 11 27
7 9 1
7 17 30
6 11 26
10 17 8
7 14 14
6 9 16
3 5 23
7 15 3
6 10 5
1 7 28
3 7 24
10 13 28
5 8 11
7 8 8
12 15 23
8 13 11
5 10 25
5 9 3
11 12 18
8 10 10
5 6 5
1 8 7
3 10 30
8 14 24
4 11 18
14 15 8
11 13 4
8 12 16
2 7 25
10 16 30
11 17 13
8 17 4
3 11 30
9 15 3
1 4 26
13 14 4
4 13 14
7 13 9
6 16 14
12 14 2
8 16 13
5 7 14
4 14 10
1 5 28
2 11 1
2 9 13
5 11 8
2 12 2
10 15 5
2 10 13
4 5 17
