4 21 102 21
17 20 3
1 9 18
7 14 11
1 10 20
10 11 21
13 19 30
4 8 26
1 8 21
18 19 12
13 15 25
4 10 18
16 21 17
7 13 5
1 11 3
11 16 24
6 8 17
1 3 10
9 12 25
12 21 10
1 4 5
8 14 6
2 11 29
15 20 10
3 13 22
10 13 28
2 8 9
3 5 17
15 17 25
17 21 8
1 5 5
9 13 30
6 12 1
1 7 5
16 17 2
10 14 3
2 6 17
11 17 28
14 21 2
11 18 17
14 20 10
5 10 10
12 16 13
9 15 27
3 7 3
15 18 3
8 15 19
18 20 6
6 14 23
8 11 7
3 12 14
1 2 19
4 11 3
10 17 13
1 6 22
9 18 23
11 21 6
6 13 21
3 9 14
7 16 15
7 17 4
9 16 5
12 20 28
16 20 15
13 21 18
6 7 4
14 16 1
7 9 2
7 8 16
17 18 20
8 18 29
11 15 29
12 14 1
2 9 2
9 10 24
3 6 14
15 19 20
18 21 25
10 12 22
7 11 12
14 19 15
4 12 19
2 12 30
2 10 26
15 21 9
6 11 14
14 18 2
13 14 4
11 20 27
10 16 8
5 14 17
15 16 2
4 9 16
5 7 16
7 12 3
8 16 23
13 20 12
12 18 8
11 19 5
5 8 10
14 17 20
2 3 20
16 19 22
