3 16 75 16
1 6 2
4 8 10
1 7 28
5 7 21
8 16 25
4 14 28
1 2 15
6 15 11
1 8 17
6 11 1
1 9 5
3 7 10
8 13 18
5 11 19
3 5 11
7 10 27
1 11 2
9 10 11
8 11 16
8 15 16
5 15 24
1 5 16
1 10 22
9 16 12
1 3 27
7 15 1
2 7 2
3 11 8
3 6 8
7 14 8
6 8 19
7 16 22
4 12 23
10 16 28
6 7 7
1 4 5
3 13 12
5 12 9
3 4 19
2 3 14
5 9 1
4 6 8
8 14 19
6 13 9
2 11 19
5 14 3
7 12 13
2 10 21
3 12 22
6 14 19
6 16 9
10 12 18
8 9 20
5 6 14
7 11 29
6 10 26
4 9 16
2 6 4
6 12 21
7 13 27
2 12 8
9 11 8
7 8 10
10 15 23
4 10 22
8 12 19
5 13 8
10 13 7
6 9 16
4 13 2
2 8 26
10 14 5
5 10 7
4 11 7
7 9 2
