1 22 91 22
2 4 3
17 22 1
22 22 24
5 7 28
1 9 10
7 12 11
5 12 7
13 17 14
1 4 17
11 20 10
21 22 19
15 18 17
3 8 20
16 19 7
7 10 4
9 16 2
7 16 7
14 21 30
10 13 7
3 6 28
13 19 10
13 15 6
4 11 11
7 8 23
18 22 30
6 8 27
5 11 8
16 22 7
9 12 8
5 9 10
10 16 28
8 11 11
18 21 6
12 13 23
1 7 29
3 10 17
9 11 19
10 20 15
2 6 10
5 13 26
2 3 23
19 22 19
12 19 24
1 6 16
8 12 1
10 11 2
5 14 17
6 13 28
4 5 19
11 17 13
12 22 6
9 18 24
14 15 6
7 11 15
12 21 26
19 21 3
11 19 14
3 12 1
14 18 26
12 15 13
14 16 2
17 18 19
12 17 25
15 22 2
11 13 2
10 19 12
5 8 6
15 20 2
10 17 28
7 13 19
14 22 10
8 14 17
4 9 17
20 22 12
6 12 2
17 21 15
8 9 10
1 5 4
4 6 21
9 17 24
13 22 18
11 14 13
8 18 18
9 14 8
4 10 5
6 14 25
7 17 9
13 14 17
13 18 20
5 6 29
16 21 12
