5 15 87 15
6 10 16
7 9 4
12 15 27
1 11 23
2 10 1
1 6 15
1 3 10
5 10 15
3 12 19
1 8 19
1 7 28
3 10 28
7 10 3
1 5 20
5 11 23
6 9 5
10 13 10
10 11 14
1 2 18
8 10 13
7 12 3
8 12 15
6 12 19
7 13 18
6 7 22
1 4 18
11 12 6
9 15 10
8 15 28
1 9 20
4 9 22
3 5 12
1 10 11
2 6 8
7 8 16
6 13 3
10 15 14
5 8 14
4 14 16
3 11 20
8 11 17
8 14 19
7 15 2
6 15 8
8 9 9
10 12 8
7 14 26
3 9 27
2 3 4
12 14 12
7 11 21
2 8 22
11 13 22
3 8 6
5 12 3
9 10 18
6 11 2
11 15 24
2 5 16
4 5 3
3 13 7
2 11 27
12 13 17
9 12 16
10 14 4
4 10 5
5 6 8
3 4 23
4 8 30
5 15 28
6 8 4
11 14 5
9 11 22
8 13 27
2 7 10
5 9 30
9 13 4
4 11 6
5 7 4
4 12 15
2 4 30
5 13 24
2 12 9
4 6 4
4 13 20
2 9 16
3 6 27
